   0.0000000e+00  -7.0953620e-03
   1.0000000e-03   3.0719284e+01
   2.0000000e-03   5.0128103e+01
   3.0000000e-03   6.6534429e+01
   4.0000000e-03   8.1938906e+01
   5.0000000e-03   9.6724578e+01
   6.0000000e-03   1.1099743e+02
   7.0000000e-03   1.2479066e+02
   8.0000000e-03   1.3811675e+02
   9.0000000e-03   1.5098810e+02
   1.0000000e-02   1.6341636e+02
   1.1000000e-02   1.7541942e+02
   1.2000000e-02   1.8698307e+02
   1.3000000e-02   1.9653624e+02
   1.4000000e-02   2.0356337e+02
   1.5000000e-02   2.0875839e+02
   1.6000000e-02   2.1332398e+02
   1.7000000e-02   2.1758707e+02
   1.8000000e-02   2.2125991e+02
   1.9000000e-02   2.2408188e+02
   2.0000000e-02   2.2629452e+02
   2.1000000e-02   2.2828692e+02
   2.2000000e-02   2.3005169e+02
   2.3000000e-02   2.3135536e+02
   2.4000000e-02   2.3217423e+02
   2.5000000e-02   2.3252433e+02
   2.6000000e-02   2.3247486e+02
   2.7000000e-02   2.3210017e+02
   2.8000000e-02   2.3154650e+02
   2.9000000e-02   2.3085782e+02
   3.0000000e-02   2.3010853e+02
   3.1000000e-02   2.2933352e+02
   3.2000000e-02   2.2860796e+02
   3.3000000e-02   2.2788899e+02
   3.4000000e-02   2.2725820e+02
   3.5000000e-02   2.2664966e+02
   3.6000000e-02   2.2608846e+02
   3.7000000e-02   2.2557626e+02
   3.8000000e-02   2.2509739e+02
   3.9000000e-02   2.2463752e+02
   4.0000000e-02   2.2419116e+02
