   0.0000000e+00   0.0000000e+00
   1.0000000e-03   2.0530111e+01
   2.0000000e-03   4.0926314e+01
   3.0000000e-03   6.1081075e+01
   4.0000000e-03   8.0892474e+01
   5.0000000e-03   1.0026960e+02
   6.0000000e-03   1.1913732e+02
   7.0000000e-03   1.3743937e+02
   8.0000000e-03   1.5513952e+02
   9.0000000e-03   1.7222128e+02
   1.0000000e-02   1.8835944e+02
   1.1000000e-02   2.0036384e+02
   1.2000000e-02   2.1054790e+02
   1.3000000e-02   2.1841784e+02
   1.4000000e-02   2.2565244e+02
   1.5000000e-02   2.3167317e+02
   1.6000000e-02   2.3619104e+02
   1.7000000e-02   2.3999783e+02
   1.8000000e-02   2.4314267e+02
   1.9000000e-02   2.4547156e+02
   2.0000000e-02   2.4723693e+02
   2.1000000e-02   2.4880646e+02
   2.2000000e-02   2.5020612e+02
   2.3000000e-02   2.5142277e+02
   2.4000000e-02   2.5229732e+02
   2.5000000e-02   2.5280985e+02
   2.6000000e-02   2.5285564e+02
   2.7000000e-02   2.5262477e+02
   2.8000000e-02   2.5212264e+02
   2.9000000e-02   2.5142624e+02
   3.0000000e-02   2.5075104e+02
   3.1000000e-02   2.4996379e+02
   3.2000000e-02   2.4927800e+02
   3.3000000e-02   2.4859203e+02
   3.4000000e-02   2.4801364e+02
   3.5000000e-02   2.4756432e+02
   3.6000000e-02   2.4723117e+02
   3.7000000e-02   2.4694658e+02
   3.8000000e-02   2.4682226e+02
   3.9000000e-02   2.4670596e+02
   4.0000000e-02   2.4658640e+02
