   0.0000000e+00   2.9561961e-06
   2.0000000e-03   5.8058110e+01
   4.0000000e-03   1.1611622e+02
   6.0000000e-03   1.7417433e+02
   8.0000000e-03   2.3223243e+02
   1.0000000e-02   2.8172042e+02
   1.2000000e-02   2.9142940e+02
   1.4000000e-02   2.9453734e+02
   1.6000000e-02   2.9609396e+02
   1.8000000e-02   2.9716505e+02
   2.0000000e-02   2.9792664e+02
   2.2000000e-02   2.9849496e+02
   2.4000000e-02   2.9892285e+02
   2.6000000e-02   2.9925486e+02
   2.8000000e-02   2.9952663e+02
   3.0000000e-02   2.9973860e+02
   3.2000000e-02   2.9991304e+02
   3.4000000e-02   3.0005809e+02
   3.6000000e-02   3.0018217e+02
   3.8000000e-02   3.0027962e+02
   4.0000000e-02   3.0037389e+02
   4.2000000e-02   3.0044848e+02
   4.4000000e-02   3.0050990e+02
   4.6000000e-02   3.0056688e+02
   4.8000000e-02   3.0062254e+02
   5.0000000e-02   3.0066527e+02
   5.2000000e-02   3.0070440e+02
   5.4000000e-02   3.0073548e+02
   5.6000000e-02   3.0076656e+02
   5.8000000e-02   3.0079764e+02
   6.0000000e-02   3.0082556e+02
   6.2000000e-02   3.0084731e+02
   6.4000000e-02   3.0086907e+02
   6.6000000e-02   3.0088693e+02
   6.8000000e-02   3.0090144e+02
   7.0000000e-02   3.0091594e+02
   7.2000000e-02   3.0093045e+02
   7.4000000e-02   3.0094495e+02
   7.6000000e-02   3.0095945e+02
   7.8000000e-02   3.0097396e+02
   8.0000000e-02   3.0098346e+02
   8.2000000e-02   3.0099253e+02
   8.4000000e-02   3.0100159e+02
   8.6000000e-02   3.0101066e+02
   8.8000000e-02   3.0101972e+02
   9.0000000e-02   3.0102539e+02
   9.2000000e-02   3.0103057e+02
   9.4000000e-02   3.0103575e+02
   9.6000000e-02   3.0104093e+02
   9.8000000e-02   3.0104611e+02
   1.0000000e-01   3.0105129e+02
