   0.0000000e+00   0.0000000e+00
   1.5000000e-03   8.6242707e+01
   3.0000000e-03   1.6990392e+02
   4.5000000e-03   2.5339395e+02
   6.0000000e-03   3.2973709e+02
   7.5000000e-03   3.6858303e+02
   9.0000000e-03   3.8847197e+02
   1.0500000e-02   4.0018740e+02
   1.2000000e-02   4.0838162e+02
   1.3500000e-02   4.1449475e+02
   1.5000000e-02   4.1912491e+02
   1.6500000e-02   4.2282717e+02
   1.8000000e-02   4.2573841e+02
   1.9500000e-02   4.2820310e+02
   2.1000000e-02   4.3025853e+02
   2.2500000e-02   4.3190703e+02
   2.4000000e-02   4.3339149e+02
   2.5500000e-02   4.3464150e+02
   2.7000000e-02   4.3573305e+02
   2.8500000e-02   4.3662995e+02
   3.0000000e-02   4.3742830e+02
   3.1500000e-02   4.3815039e+02
   3.3000000e-02   4.3875799e+02
   3.4500000e-02   4.3930157e+02
   3.6000000e-02   4.3971373e+02
   3.7500000e-02   4.4006281e+02
   3.9000000e-02   4.4030744e+02
   4.0500000e-02   4.4051492e+02
   4.2000000e-02   4.4067288e+02
   4.3500000e-02   4.4078836e+02
   4.5000000e-02   4.4084543e+02
