   0.0000000e+00   0.0000000e+00
   1.0000000e-03   4.6629680e+01
   2.0000000e-03   9.3128608e+01
   3.0000000e-03   1.3936985e+02
   4.0000000e-03   1.8520433e+02
   5.0000000e-03   2.3046965e+02
   6.0000000e-03   2.7499860e+02
   7.0000000e-03   3.1862927e+02
   8.0000000e-03   3.6121454e+02
   9.0000000e-03   3.9925680e+02
   1.0000000e-02   4.2326475e+02
   1.1000000e-02   4.4231024e+02
   1.2000000e-02   4.5442910e+02
   1.3000000e-02   4.6594975e+02
   1.4000000e-02   4.7685237e+02
   1.5000000e-02   4.8444585e+02
   1.6000000e-02   4.8926970e+02
   1.7000000e-02   4.9373653e+02
   1.8000000e-02   4.9802932e+02
   1.9000000e-02   5.0216644e+02
   2.0000000e-02   5.0616316e+02
   2.1000000e-02   5.1003908e+02
   2.2000000e-02   5.1375036e+02
   2.3000000e-02   5.1679232e+02
   2.4000000e-02   5.1900942e+02
   2.5000000e-02   5.2047218e+02
   2.6000000e-02   5.2140125e+02
   2.7000000e-02   5.2205139e+02
   2.8000000e-02   5.2253634e+02
   2.9000000e-02   5.2296732e+02
   3.0000000e-02   5.2335081e+02
   3.1000000e-02   5.2357447e+02
   3.2000000e-02   5.2339269e+02
   3.3000000e-02   5.2277674e+02
   3.4000000e-02   5.2168713e+02
