   0.0000000e+00   0.0000000e+00
   1.0000000e-03   5.0068180e+01
   2.0000000e-03   9.9988281e+01
   3.0000000e-03   1.4961686e+02
   4.0000000e-03   1.9878648e+02
   5.0000000e-03   2.4731559e+02
   6.0000000e-03   2.9501905e+02
   7.0000000e-03   3.4171995e+02
   8.0000000e-03   3.8726096e+02
   9.0000000e-03   4.2925691e+02
   1.0000000e-02   4.5629259e+02
   1.1000000e-02   4.7797031e+02
   1.2000000e-02   4.9160630e+02
   1.3000000e-02   5.0385804e+02
   1.4000000e-02   5.1567094e+02
   1.5000000e-02   5.2510124e+02
   1.6000000e-02   5.3092159e+02
   1.7000000e-02   5.3567846e+02
   1.8000000e-02   5.4025867e+02
   1.9000000e-02   5.4468079e+02
   2.0000000e-02   5.4896736e+02
   2.1000000e-02   5.5311398e+02
   2.2000000e-02   5.5707008e+02
   2.3000000e-02   5.6060105e+02
   2.4000000e-02   5.6338878e+02
   2.5000000e-02   5.6543108e+02
   2.6000000e-02   5.6673405e+02
   2.7000000e-02   5.6733018e+02
   2.8000000e-02   5.6739942e+02
   2.9000000e-02   5.6728119e+02
   3.0000000e-02   5.6710385e+02
   3.1000000e-02   5.6674457e+02
   3.2000000e-02   5.6592768e+02
   3.3000000e-02   5.6463756e+02
   3.4000000e-02   5.6313757e+02
