   0.0000000e+00   0.0000000e+00
   1.0000000e-03   5.0020800e+01
   2.0000000e-03   9.9894451e+01
   3.0000000e-03   1.4947836e+02
   4.0000000e-03   1.9860588e+02
   5.0000000e-03   2.4709634e+02
   6.0000000e-03   2.9476532e+02
   7.0000000e-03   3.4143623e+02
   8.0000000e-03   3.8695162e+02
   9.0000000e-03   4.2893407e+02
   1.0000000e-02   4.5599546e+02
   1.1000000e-02   4.7774157e+02
   1.2000000e-02   4.9133132e+02
   1.3000000e-02   5.0357887e+02
   1.4000000e-02   5.1539613e+02
   1.5000000e-02   5.2487345e+02
   1.6000000e-02   5.3068071e+02
   1.7000000e-02   5.3543887e+02
   1.8000000e-02   5.4001887e+02
   1.9000000e-02   5.4444042e+02
   2.0000000e-02   5.4872813e+02
   2.1000000e-02   5.5287724e+02
   2.2000000e-02   5.5682418e+02
   2.3000000e-02   5.6034493e+02
   2.4000000e-02   5.6318993e+02
   2.5000000e-02   5.6524098e+02
   2.6000000e-02   5.6648980e+02
   2.7000000e-02   5.6717324e+02
   2.8000000e-02   5.6729425e+02
   2.9000000e-02   5.6711305e+02
   3.0000000e-02   5.6694205e+02
   3.1000000e-02   5.6663250e+02
   3.2000000e-02   5.6586382e+02
   3.3000000e-02   5.6448956e+02
   3.4000000e-02   5.6289847e+02
