   0.0000000e+00   0.0000000e+00
   1.0000000e-03   2.5649042e+01
   2.0000000e-03   5.1180373e+01
   3.0000000e-03   7.6500037e+01
   4.0000000e-03   1.0151324e+02
   5.0000000e-03   1.2612655e+02
   6.0000000e-03   1.5025013e+02
   7.0000000e-03   1.7380118e+02
   8.0000000e-03   1.9670694e+02
   9.0000000e-03   2.1890829e+02
   1.0000000e-02   2.4036420e+02
   1.1000000e-02   2.6003051e+02
   1.2000000e-02   2.7032765e+02
   1.3000000e-02   2.7748982e+02
   1.4000000e-02   2.8422484e+02
   1.5000000e-02   2.8781173e+02
   1.6000000e-02   2.8976472e+02
   1.7000000e-02   2.9164191e+02
   1.8000000e-02   2.9343482e+02
   1.9000000e-02   2.9516488e+02
   2.0000000e-02   2.9683807e+02
   2.1000000e-02   2.9845673e+02
   2.2000000e-02   3.0003705e+02
   2.3000000e-02   3.0158129e+02
   2.4000000e-02   3.0308737e+02
   2.5000000e-02   3.0456134e+02
   2.6000000e-02   3.0601074e+02
   2.7000000e-02   3.0742043e+02
   2.8000000e-02   3.0847944e+02
   2.9000000e-02   3.0925927e+02
   3.0000000e-02   3.0964439e+02
   3.1000000e-02   3.0977699e+02
   3.2000000e-02   3.0988786e+02
   3.3000000e-02   3.0998968e+02
   3.4000000e-02   3.1028203e+02
   3.5000000e-02   3.1083259e+02
   3.6000000e-02   3.1154196e+02
   3.7000000e-02   3.1203144e+02
   3.8000000e-02   3.1213175e+02
   3.9000000e-02   3.1200277e+02
   4.0000000e-02   3.1110279e+02
