   0.0000000e+00   0.0000000e+00
   1.0000000e-03   2.6746607e+01
   2.0000000e-03   5.3364847e+01
   3.0000000e-03   7.9752968e+01
   4.0000000e-03   1.0580874e+02
   5.0000000e-03   1.3143157e+02
   6.0000000e-03   1.5652593e+02
   7.0000000e-03   1.8100460e+02
   8.0000000e-03   2.0479333e+02
   9.0000000e-03   2.2783261e+02
   1.0000000e-02   2.5008170e+02
   1.1000000e-02   2.7099204e+02
   1.2000000e-02   2.8341157e+02
   1.3000000e-02   2.9109623e+02
   1.4000000e-02   2.9849849e+02
   1.5000000e-02   3.0341474e+02
   1.6000000e-02   3.0563400e+02
   1.7000000e-02   3.0763591e+02
   1.8000000e-02   3.0956113e+02
   1.9000000e-02   3.1141760e+02
   2.0000000e-02   3.1321447e+02
   2.1000000e-02   3.1495935e+02
   2.2000000e-02   3.1666177e+02
   2.3000000e-02   3.1832347e+02
   2.4000000e-02   3.1995297e+02
   2.5000000e-02   3.2155258e+02
   2.6000000e-02   3.2312613e+02
   2.7000000e-02   3.2466278e+02
   2.8000000e-02   3.2598035e+02
   2.9000000e-02   3.2696691e+02
   3.0000000e-02   3.2761025e+02
   3.1000000e-02   3.2794393e+02
   3.2000000e-02   3.2804263e+02
   3.3000000e-02   3.2805728e+02
   3.4000000e-02   3.2814014e+02
   3.5000000e-02   3.2832423e+02
   3.6000000e-02   3.2834323e+02
   3.7000000e-02   3.2811986e+02
   3.8000000e-02   3.2715504e+02
   3.9000000e-02   3.2530411e+02
   4.0000000e-02   3.2165013e+02
