   0.0000000e+00   0.0000000e+00
   1.0000000e-03   2.6454268e+01
   2.0000000e-03   5.2782714e+01
   3.0000000e-03   7.8885269e+01
   4.0000000e-03   1.0466153e+02
   5.0000000e-03   1.3001245e+02
   6.0000000e-03   1.5484390e+02
   7.0000000e-03   1.7906951e+02
   8.0000000e-03   2.0261495e+02
   9.0000000e-03   2.2542152e+02
   1.0000000e-02   2.4744678e+02
   1.1000000e-02   2.6805907e+02
   1.2000000e-02   2.7995539e+02
   1.3000000e-02   2.8752093e+02
   1.4000000e-02   2.9477585e+02
   1.5000000e-02   2.9940998e+02
   1.6000000e-02   3.0153567e+02
   1.7000000e-02   3.0350314e+02
   1.8000000e-02   3.0539595e+02
   1.9000000e-02   3.0721776e+02
   2.0000000e-02   3.0898207e+02
   2.1000000e-02   3.1069592e+02
   2.2000000e-02   3.1236455e+02
   2.3000000e-02   3.1399415e+02
   2.4000000e-02   3.1559158e+02
   2.5000000e-02   3.1715920e+02
   2.6000000e-02   3.1869979e+02
   2.7000000e-02   3.2021797e+02
   2.8000000e-02   3.2149974e+02
   2.9000000e-02   3.2244091e+02
   3.0000000e-02   3.2303965e+02
   3.1000000e-02   3.2333342e+02
   3.2000000e-02   3.2340595e+02
   3.3000000e-02   3.2342626e+02
   3.4000000e-02   3.2355827e+02
   3.5000000e-02   3.2389140e+02
   3.6000000e-02   3.2407734e+02
   3.7000000e-02   3.2400128e+02
   3.8000000e-02   3.2340113e+02
   3.9000000e-02   3.2189753e+02
   4.0000000e-02   3.1910039e+02
