   0.0000000e+00   0.0000000e+00
   1.0000000e-03   2.7018561e+01
   2.0000000e-03   5.3905945e+01
   3.0000000e-03   8.0558212e+01
   4.0000000e-03   1.0687127e+02
   5.0000000e-03   1.3274260e+02
   6.0000000e-03   1.5807512e+02
   7.0000000e-03   1.8278079e+02
   8.0000000e-03   2.0678447e+02
   9.0000000e-03   2.3002681e+02
   1.0000000e-02   2.5246799e+02
   1.1000000e-02   2.7364974e+02
   1.2000000e-02   2.8665032e+02
   1.3000000e-02   2.9445672e+02
   1.4000000e-02   3.0200146e+02
   1.5000000e-02   3.0723873e+02
   1.6000000e-02   3.0959972e+02
   1.7000000e-02   3.1164305e+02
   1.8000000e-02   3.1360741e+02
   1.9000000e-02   3.1550277e+02
   2.0000000e-02   3.1733930e+02
   2.1000000e-02   3.1912278e+02
   2.2000000e-02   3.2086275e+02
   2.3000000e-02   3.2256435e+02
   2.4000000e-02   3.2423118e+02
   2.5000000e-02   3.2586869e+02
   2.6000000e-02   3.2748101e+02
   2.7000000e-02   3.2902592e+02
   2.8000000e-02   3.3038419e+02
   2.9000000e-02   3.3141772e+02
   3.0000000e-02   3.3211637e+02
   3.1000000e-02   3.3250826e+02
   3.2000000e-02   3.3265424e+02
   3.3000000e-02   3.3264707e+02
   3.4000000e-02   3.3265375e+02
   3.5000000e-02   3.3258349e+02
   3.6000000e-02   3.3236012e+02
   3.7000000e-02   3.3168557e+02
   3.8000000e-02   3.3025573e+02
   3.9000000e-02   3.2757651e+02
   4.0000000e-02   3.2330051e+02
