   0.0000000e+00   0.0000000e+00
   1.0000000e-03   2.6985233e+01
   2.0000000e-03   5.3839743e+01
   3.0000000e-03   8.0460038e+01
   4.0000000e-03   1.0674223e+02
   5.0000000e-03   1.3258414e+02
   6.0000000e-03   1.5788882e+02
   7.0000000e-03   1.8256870e+02
   8.0000000e-03   2.0654900e+02
   9.0000000e-03   2.2976990e+02
   1.0000000e-02   2.5219002e+02
   1.1000000e-02   2.7334482e+02
   1.2000000e-02   2.8627550e+02
   1.3000000e-02   2.9407846e+02
   1.4000000e-02   3.0161692e+02
   1.5000000e-02   3.0682584e+02
   1.6000000e-02   3.0917026e+02
   1.7000000e-02   3.1121569e+02
   1.8000000e-02   3.1318060e+02
   1.9000000e-02   3.1507609e+02
   2.0000000e-02   3.1690859e+02
   2.1000000e-02   3.1869345e+02
   2.2000000e-02   3.2043924e+02
   2.3000000e-02   3.2214378e+02
   2.4000000e-02   3.2380771e+02
   2.5000000e-02   3.2544273e+02
   2.6000000e-02   3.2705312e+02
   2.7000000e-02   3.2860211e+02
   2.8000000e-02   3.2996222e+02
   2.9000000e-02   3.3099323e+02
   3.0000000e-02   3.3168576e+02
   3.1000000e-02   3.3207497e+02
   3.2000000e-02   3.3221877e+02
   3.3000000e-02   3.3221291e+02
   3.4000000e-02   3.3224145e+02
   3.5000000e-02   3.3221775e+02
   3.6000000e-02   3.3197651e+02
   3.7000000e-02   3.3142003e+02
   3.8000000e-02   3.3002277e+02
   3.9000000e-02   3.2746012e+02
   4.0000000e-02   3.2309729e+02
