   0.0000000e+00   0.0000000e+00
   1.0000000e-03   2.6648573e+01
   2.0000000e-03   5.3169815e+01
   3.0000000e-03   7.9462708e+01
   4.0000000e-03   1.0542568e+02
   5.0000000e-03   1.3095897e+02
   6.0000000e-03   1.5596740e+02
   7.0000000e-03   1.8036407e+02
   8.0000000e-03   2.0407545e+02
   9.0000000e-03   2.2704209e+02
   1.0000000e-02   2.4922199e+02
   1.1000000e-02   2.7003581e+02
   1.2000000e-02   2.8229580e+02
   1.3000000e-02   2.8998130e+02
   1.4000000e-02   2.9737714e+02
   1.5000000e-02   3.0221528e+02
   1.6000000e-02   3.0441883e+02
   1.7000000e-02   3.0641965e+02
   1.8000000e-02   3.0834227e+02
   1.9000000e-02   3.1019910e+02
   2.0000000e-02   3.1199222e+02
   2.1000000e-02   3.1373956e+02
   2.2000000e-02   3.1544434e+02
   2.3000000e-02   3.1710107e+02
   2.4000000e-02   3.1872733e+02
   2.5000000e-02   3.2032644e+02
   2.6000000e-02   3.2190262e+02
   2.7000000e-02   3.2344623e+02
   2.8000000e-02   3.2475142e+02
   2.9000000e-02   3.2572593e+02
   3.0000000e-02   3.2635919e+02
   3.1000000e-02   3.2668529e+02
   3.2000000e-02   3.2678058e+02
   3.3000000e-02   3.2679798e+02
   3.4000000e-02   3.2689708e+02
   3.5000000e-02   3.2712323e+02
   3.6000000e-02   3.2720096e+02
   3.7000000e-02   3.2705295e+02
   3.8000000e-02   3.2617164e+02
   3.9000000e-02   3.2450173e+02
   4.0000000e-02   3.2115264e+02
