   0.0000000e+00   0.0000000e+00
   1.0000000e-03   2.6247060e+01
   2.0000000e-03   5.2370696e+01
   3.0000000e-03   7.8273484e+01
   4.0000000e-03   1.0385647e+02
   5.0000000e-03   1.2902272e+02
   6.0000000e-03   1.5367949e+02
   7.0000000e-03   1.7774166e+02
   8.0000000e-03   2.0113479e+02
   9.0000000e-03   2.2380284e+02
   1.0000000e-02   2.4570311e+02
   1.1000000e-02   2.6610321e+02
   1.2000000e-02   2.7756824e+02
   1.3000000e-02   2.8514528e+02
   1.4000000e-02   2.9236524e+02
   1.5000000e-02   2.9675980e+02
   1.6000000e-02   2.9883442e+02
   1.7000000e-02   3.0078310e+02
   1.8000000e-02   3.0266404e+02
   1.9000000e-02   3.0446531e+02
   2.0000000e-02   3.0622026e+02
   2.1000000e-02   3.0792040e+02
   2.2000000e-02   3.0957111e+02
   2.3000000e-02   3.1119089e+02
   2.4000000e-02   3.1277514e+02
   2.5000000e-02   3.1432865e+02
   2.6000000e-02   3.1585344e+02
   2.7000000e-02   3.1734722e+02
   2.8000000e-02   3.1860387e+02
   2.9000000e-02   3.1949335e+02
   3.0000000e-02   3.2003837e+02
   3.1000000e-02   3.2026703e+02
   3.2000000e-02   3.2035077e+02
   3.3000000e-02   3.2039100e+02
   3.4000000e-02   3.2058109e+02
   3.5000000e-02   3.2101556e+02
   3.6000000e-02   3.2144307e+02
   3.7000000e-02   3.2154950e+02
   3.8000000e-02   3.2134280e+02
   3.9000000e-02   3.2033182e+02
   4.0000000e-02   3.1845698e+02
