   0.0000000e+00   0.0000000e+00
   1.0000000e-03   6.0963054e+01
   2.0000000e-03   1.2192611e+02
   3.0000000e-03   1.8288916e+02
   4.0000000e-03   2.4385221e+02
   5.0000000e-03   3.0481527e+02
   6.0000000e-03   3.6577832e+02
   7.0000000e-03   4.2674138e+02
   8.0000000e-03   4.8719534e+02
   9.0000000e-03   5.1401453e+02
   1.0000000e-02   5.1801713e+02
   1.1000000e-02   5.2098089e+02
   1.2000000e-02   5.2323218e+02
   1.3000000e-02   5.2498154e+02
   1.4000000e-02   5.2637444e+02
   1.5000000e-02   5.2749525e+02
   1.6000000e-02   5.2841279e+02
   1.7000000e-02   5.2917420e+02
   1.8000000e-02   5.2981277e+02
   1.9000000e-02   5.3034881e+02
   2.0000000e-02   5.3080973e+02
   2.1000000e-02   5.3120996e+02
   2.2000000e-02   5.3155110e+02
   2.3000000e-02   5.3185365e+02
   2.4000000e-02   5.3211396e+02
   2.5000000e-02   5.3234716e+02
   2.6000000e-02   5.3255072e+02
   2.7000000e-02   5.3273435e+02
   2.8000000e-02   5.3290261e+02
   2.9000000e-02   5.3304615e+02
   3.0000000e-02   5.3317910e+02
   3.1000000e-02   5.3330170e+02
   3.2000000e-02   5.3341116e+02
   3.3000000e-02   5.3350772e+02
   3.4000000e-02   5.3359893e+02
   3.5000000e-02   5.3368293e+02
   3.6000000e-02   5.3376194e+02
   3.7000000e-02   5.3383070e+02
   3.8000000e-02   5.3389281e+02
   3.9000000e-02   5.3395394e+02
   4.0000000e-02   5.3400774e+02
   4.1000000e-02   5.3406147e+02
   4.2000000e-02   5.3411079e+02
   4.3000000e-02   5.3415402e+02
   4.4000000e-02   5.3419362e+02
   4.5000000e-02   5.3423173e+02
   4.6000000e-02   5.3426936e+02
   4.7000000e-02   5.3430171e+02
   4.8000000e-02   5.3433409e+02
   4.9000000e-02   5.3436588e+02
   5.0000000e-02   5.3439486e+02
   5.1000000e-02   5.3442138e+02
   5.2000000e-02   5.3444561e+02
   5.3000000e-02   5.3446751e+02
   5.4000000e-02   5.3448890e+02
   5.5000000e-02   5.3451029e+02
   5.6000000e-02   5.3453165e+02
   5.7000000e-02   5.3454944e+02
   5.8000000e-02   5.3456687e+02
   5.9000000e-02   5.3458429e+02
   6.0000000e-02   5.3460172e+02
   6.1000000e-02   5.3461785e+02
   6.2000000e-02   5.3463315e+02
   6.3000000e-02   5.3464829e+02
   6.4000000e-02   5.3466067e+02
   6.5000000e-02   5.3467280e+02
   6.6000000e-02   5.3468455e+02
   6.7000000e-02   5.3469489e+02
   6.8000000e-02   5.3470523e+02
   6.9000000e-02   5.3471558e+02
   7.0000000e-02   5.3472581e+02
   7.1000000e-02   5.3473626e+02
   7.2000000e-02   5.3474653e+02
   7.3000000e-02   5.3475478e+02
   7.4000000e-02   5.3476272e+02
   7.5000000e-02   5.3477065e+02
   7.6000000e-02   5.3477859e+02
   7.7000000e-02   5.3478653e+02
   7.8000000e-02   5.3479446e+02
   7.9000000e-02   5.3480240e+02
   8.0000000e-02   5.3480984e+02
