 0.00000000e+00 0.00000000e+00
 1.00000000e-03 6.84398641e+01
 2.00000000e-03 1.36879728e+02
 3.00000000e-03 2.05319592e+02
 4.00000000e-03 2.73759456e+02
 5.00000000e-03 3.35591951e+02
 6.00000000e-03 3.49759362e+02
 7.00000000e-03 3.58300669e+02
 8.00000000e-03 3.63843957e+02
 9.00000000e-03 3.67645578e+02
 1.00000000e-02 3.70360203e+02
 1.10000000e-02 3.72366550e+02
 1.20000000e-02 3.73897280e+02
 1.30000000e-02 3.75091043e+02
 1.40000000e-02 3.76042522e+02
 1.50000000e-02 3.76793254e+02
 1.60000000e-02 3.77428625e+02
 1.70000000e-02 3.77933774e+02
 1.80000000e-02 3.78379550e+02
 1.90000000e-02 3.78739066e+02
 2.00000000e-02 3.79051174e+02
 2.10000000e-02 3.79329117e+02
 2.20000000e-02 3.79553993e+02
 2.30000000e-02 3.79752939e+02
 2.40000000e-02 3.79936133e+02
 2.50000000e-02 3.80099957e+02
 2.60000000e-02 3.80237779e+02
 2.70000000e-02 3.80359114e+02
 2.80000000e-02 3.80465670e+02
 2.90000000e-02 3.80568497e+02
 3.00000000e-02 3.80660056e+02
 3.10000000e-02 3.80746926e+02
 3.20000000e-02 3.80826588e+02
 3.30000000e-02 3.80886265e+02
 3.40000000e-02 3.80945942e+02
 3.50000000e-02 3.81001274e+02
 3.60000000e-02 3.81049526e+02
 3.70000000e-02 3.81097778e+02
 3.80000000e-02 3.81146030e+02
 3.90000000e-02 3.81185610e+02
 4.00000000e-02 3.81224420e+02
 4.10000000e-02 3.81263229e+02
 4.20000000e-02 3.81302039e+02
 4.30000000e-02 3.81330335e+02
 4.40000000e-02 3.81353848e+02
 4.50000000e-02 3.81377361e+02
 4.60000000e-02 3.81400874e+02
 4.70000000e-02 3.81424387e+02
 4.80000000e-02 3.81445491e+02
 4.90000000e-02 3.81462961e+02
 5.00000000e-02 3.81480431e+02
 5.10000000e-02 3.81497901e+02
 5.20000000e-02 3.81515371e+02
 5.30000000e-02 3.81532841e+02
 5.40000000e-02 3.81550311e+02
 5.50000000e-02 3.81565009e+02
 5.60000000e-02 3.81577853e+02
 5.70000000e-02 3.81590696e+02
 5.80000000e-02 3.81603539e+02
 5.90000000e-02 3.81616382e+02
 6.00000000e-02 3.81629225e+02
 6.10000000e-02 3.81642068e+02
 6.20000000e-02 3.81654911e+02
 6.30000000e-02 3.81667754e+02
 6.40000000e-02 3.81676973e+02
 6.50000000e-02 3.81683017e+02
 6.60000000e-02 3.81689062e+02
 6.70000000e-02 3.81695106e+02
 6.80000000e-02 3.81701150e+02
 6.90000000e-02 3.81707195e+02
 7.00000000e-02 3.81713239e+02
 7.10000000e-02 3.81719283e+02
 7.20000000e-02 3.81725327e+02
 7.30000000e-02 3.81731372e+02
 7.40000000e-02 3.81737416e+02
 7.50000000e-02 3.81743460e+02
 7.60000000e-02 3.81749504e+02
 7.70000000e-02 3.81753563e+02
 7.80000000e-02 3.81757246e+02
 7.90000000e-02 3.81760930e+02
 8.00000000e-02 3.81764613e+02
