   0.0000000e+00   0.0000000e+00
  -1.5000000e-03  -9.5730004e+01
  -3.0000000e-03  -1.7846281e+02
  -4.5000000e-03  -2.5963187e+02
  -6.0000000e-03  -3.3534777e+02
  -7.5000000e-03  -3.7274369e+02
  -9.0000000e-03  -3.9093650e+02
  -1.0500000e-02  -4.0208455e+02
  -1.2000000e-02  -4.0989990e+02
  -1.3500000e-02  -4.1568373e+02
  -1.5000000e-02  -4.2013336e+02
  -1.6500000e-02  -4.2365724e+02
  -1.8000000e-02  -4.2650278e+02
  -1.9500000e-02  -4.2883102e+02
  -2.1000000e-02  -4.3078682e+02
  -2.2500000e-02  -4.3242956e+02
  -2.4000000e-02  -4.3382976e+02
  -2.5500000e-02  -4.3502243e+02
  -2.7000000e-02  -4.3606199e+02
  -2.8500000e-02  -4.3696726e+02
  -3.0000000e-02  -4.3772718e+02
  -3.1500000e-02  -4.3841610e+02
  -3.3000000e-02  -4.3898868e+02
  -3.4500000e-02  -4.3951104e+02
  -3.6000000e-02  -4.3989675e+02
  -3.7500000e-02  -4.4023176e+02
  -3.9000000e-02  -4.4049374e+02
  -4.0500000e-02  -4.4067078e+02
  -4.2000000e-02  -4.4081145e+02
  -4.3500000e-02  -4.4091146e+02
  -4.5000000e-02  -4.4096364e+02
