   0.0000000e+00   0.0000000e+00
   1.0000000e-05   1.0192923e-03
   2.0000000e-05   2.5859240e-04
   3.0000000e-05   1.2235234e-04
   4.0000000e-05   5.3659281e-06
   5.0000000e-05   5.0325477e-06
   6.0000000e-05   4.2827893e-06
   7.0000000e-05   3.0097587e-06
   8.0000000e-05   1.2065789e-06
   9.0000000e-05   1.1852955e-06
   1.0000000e-04   1.3169950e-06
   1.1000000e-04   1.4486945e-06
   1.2000000e-04   1.5803940e-06
   1.3000000e-04   5.9537112e-06
   1.4000000e-04   4.6916791e-06
   1.5000000e-04   3.8096343e-06
   1.6000000e-04   3.4572280e-06
   1.7000000e-04   3.1837026e-06
   1.8000000e-04   2.9400870e-06
   1.9000000e-04   2.6964707e-06
   2.0000000e-04   2.4528537e-06
   2.1000000e-04   2.2092360e-06
   2.2000000e-04   1.9656176e-06
   2.3000000e-04   1.7219985e-06
   2.4000000e-04   1.4783787e-06
   2.5000000e-04   1.2347580e-06
   2.6000000e-04   9.9113666e-07
   2.7000000e-04   7.4751451e-07
   2.8000000e-04   5.0507100e-07
   2.9000000e-04   3.1255577e-07
   3.0000000e-04   1.8149957e-07
   3.1000000e-04   1.1778207e-07
   3.2000000e-04   7.2375181e-08
   3.3000000e-04   3.8958199e-08
   3.4000000e-04   1.8884316e-08
   3.5000000e-04   9.3135483e-09
  -0.0000000e+00   0.0000000e+00
  -0.0000000e+00   0.0000000e+00
  -0.0000000e+00   0.0000000e+00
  -0.0000000e+00   0.0000000e+00
  -0.0000000e+00   0.0000000e+00
