   0.0000000e+00   0.0000000e+00
   2.0000000e-03   1.4162486e+00
   4.0000000e-03   2.8324972e+00
   6.0000000e-03   4.2487458e+00
   8.0000000e-03   5.6649945e+00
   1.0000000e-02   7.0812431e+00
   1.2000000e-02   8.4974917e+00
   1.4000000e-02   9.9137403e+00
   1.6000000e-02   1.1329989e+01
   1.8000000e-02   1.2746238e+01
   2.0000000e-02   1.4156877e+01
   2.2000000e-02   1.5491345e+01
   2.4000000e-02   1.6680858e+01
   2.6000000e-02   1.7703628e+01
   2.8000000e-02   1.8584563e+01
   3.0000000e-02   1.9326551e+01
   3.2000000e-02   1.9951929e+01
   3.4000000e-02   2.0478232e+01
   3.6000000e-02   2.0925118e+01
   3.8000000e-02   2.1323036e+01
   4.0000000e-02   2.1645493e+01
   4.2000000e-02   2.1923854e+01
   4.4000000e-02   2.2188240e+01
   4.6000000e-02   2.2427199e+01
   4.8000000e-02   2.2613861e+01
   5.0000000e-02   2.2781703e+01
   5.2000000e-02   2.2939334e+01
   5.4000000e-02   2.3090173e+01
   5.6000000e-02   2.3226406e+01
   5.8000000e-02   2.3343371e+01
   6.0000000e-02   2.3446031e+01
   6.2000000e-02   2.3538634e+01
   6.4000000e-02   2.3624962e+01
   6.6000000e-02   2.3711305e+01
   6.8000000e-02   2.3792308e+01
   7.0000000e-02   2.3861596e+01
