   0.0000000e+00   0.0000000e+00
   2.0000000e-03   2.0572264e+00
   4.0000000e-03   4.1144528e+00
   6.0000000e-03   6.1716792e+00
   8.0000000e-03   8.2289056e+00
   1.0000000e-02   1.0286132e+01
   1.2000000e-02   1.2343358e+01
   1.4000000e-02   1.4400585e+01
   1.6000000e-02   1.6457811e+01
   1.8000000e-02   1.8515038e+01
   2.0000000e-02   2.0554416e+01
   2.2000000e-02   2.2471419e+01
   2.4000000e-02   2.4169477e+01
   2.6000000e-02   2.5611791e+01
   2.8000000e-02   2.6839084e+01
   3.0000000e-02   2.7874251e+01
   3.2000000e-02   2.8753991e+01
   3.4000000e-02   2.9509544e+01
   3.6000000e-02   3.0154758e+01
   3.8000000e-02   3.0719331e+01
   4.0000000e-02   3.1208476e+01
   4.2000000e-02   3.1635661e+01
   4.4000000e-02   3.2008022e+01
   4.6000000e-02   3.2341433e+01
   4.8000000e-02   3.2635538e+01
   5.0000000e-02   3.2898305e+01
   5.2000000e-02   3.3134423e+01
   5.4000000e-02   3.3344958e+01
   5.6000000e-02   3.3533775e+01
   5.8000000e-02   3.3707807e+01
   6.0000000e-02   3.3865422e+01
   6.2000000e-02   3.4006915e+01
   6.4000000e-02   3.4137701e+01
   6.6000000e-02   3.4253341e+01
   6.8000000e-02   3.4361437e+01
   7.0000000e-02   3.4461650e+01
