   0.0000000e+00   0.0000000e+00
   2.0000000e-03   2.0610785e+00
   4.0000000e-03   4.1221570e+00
   6.0000000e-03   6.1832356e+00
   8.0000000e-03   8.2443141e+00
   1.0000000e-02   1.0305393e+01
   1.2000000e-02   1.2366471e+01
   1.4000000e-02   1.4427550e+01
   1.6000000e-02   1.6488628e+01
   1.8000000e-02   1.8549707e+01
   2.0000000e-02   2.0590295e+01
   2.2000000e-02   2.2506106e+01
   2.4000000e-02   2.4201855e+01
   2.6000000e-02   2.5646112e+01
   2.8000000e-02   2.6866790e+01
   3.0000000e-02   2.7901462e+01
   3.2000000e-02   2.8781762e+01
   3.4000000e-02   2.9534059e+01
   3.6000000e-02   3.0181370e+01
   3.8000000e-02   3.0742203e+01
   4.0000000e-02   3.1229965e+01
   4.2000000e-02   3.1656042e+01
   4.4000000e-02   3.2031265e+01
   4.6000000e-02   3.2361979e+01
   4.8000000e-02   3.2656491e+01
   5.0000000e-02   3.2919201e+01
   5.2000000e-02   3.3154082e+01
   5.4000000e-02   3.3365302e+01
   5.6000000e-02   3.3556439e+01
   5.8000000e-02   3.3727744e+01
   6.0000000e-02   3.3884498e+01
   6.2000000e-02   3.4026281e+01
   6.4000000e-02   3.4155051e+01
   6.6000000e-02   3.4273721e+01
   6.8000000e-02   3.4382713e+01
   7.0000000e-02   3.4482173e+01
