   0.0000000e+00   0.0000000e+00
   1.0000000e-03   5.0021485e+01
   2.0000000e-03   9.9895470e+01
   3.0000000e-03   1.4947909e+02
   4.0000000e-03   1.9860539e+02
   5.0000000e-03   2.4709293e+02
   6.0000000e-03   2.9475687e+02
   7.0000000e-03   3.4142051e+02
   8.0000000e-03   3.8692677e+02
   9.0000000e-03   4.2864726e+02
   1.0000000e-02   4.5689588e+02
   1.1000000e-02   4.7614999e+02
   1.2000000e-02   4.9262569e+02
   1.3000000e-02   5.0507461e+02
   1.4000000e-02   5.1432706e+02
   1.5000000e-02   5.2224682e+02
   1.6000000e-02   5.2989021e+02
   1.7000000e-02   5.3667947e+02
   1.8000000e-02   5.4215947e+02
   1.9000000e-02   5.4669961e+02
   2.0000000e-02   5.5060290e+02
   2.1000000e-02   5.5376790e+02
   2.2000000e-02   5.5629168e+02
   2.3000000e-02   5.5845122e+02
   2.4000000e-02   5.6037040e+02
   2.5000000e-02   5.6208023e+02
   2.6000000e-02   5.6358071e+02
   2.7000000e-02   5.6483691e+02
   2.8000000e-02   5.6571088e+02
   2.9000000e-02   5.6631105e+02
   3.0000000e-02   5.6668844e+02
   3.1000000e-02   5.6675824e+02
   3.2000000e-02   5.6641470e+02
   3.3000000e-02   5.6559627e+02
   3.4000000e-02   5.6463522e+02
