   0.0000000e+00   0.0000000e+00
   2.0000000e-03   3.2515132e+01
   4.0000000e-03   6.4567818e+01
   6.0000000e-03   9.5745769e+01
   8.0000000e-03   1.2569856e+02
   1.0000000e-02   1.5418350e+02
   1.2000000e-02   1.7866720e+02
   1.4000000e-02   1.9191128e+02
   1.6000000e-02   2.0249897e+02
   1.8000000e-02   2.1023710e+02
   2.0000000e-02   2.1701129e+02
   2.2000000e-02   2.2140506e+02
   2.4000000e-02   2.2373251e+02
   2.6000000e-02   2.2517285e+02
   2.8000000e-02   2.2569883e+02
   3.0000000e-02   2.2526482e+02
   3.2000000e-02   2.2415073e+02
   3.4000000e-02   2.2271410e+02
   3.6000000e-02   2.2112858e+02
   3.8000000e-02   2.1959316e+02
   4.0000000e-02   2.1833742e+02
   4.2000000e-02   2.1742678e+02
   4.4000000e-02   2.1686330e+02
   4.6000000e-02   2.1654730e+02
   4.8000000e-02   2.1638575e+02
   5.0000000e-02   2.1629674e+02
   5.2000000e-02   2.1629227e+02
   5.4000000e-02   2.1632066e+02
   5.6000000e-02   2.1638589e+02
   5.8000000e-02   2.1653206e+02
   6.0000000e-02   2.1672573e+02
   6.2000000e-02   2.1693601e+02
   6.4000000e-02   2.1716285e+02
   6.6000000e-02   2.1739978e+02
   6.8000000e-02   2.1766404e+02
   7.0000000e-02   2.1796388e+02
   7.2000000e-02   2.1828953e+02
   7.4000000e-02   2.1864304e+02
   7.6000000e-02   2.1903109e+02
   7.8000000e-02   2.1943601e+02
   8.0000000e-02   2.1986647e+02
