   0.0000000e+00   0.0000000e+00
   2.0000000e-03   2.2656659e+01
   4.0000000e-03   4.5313317e+01
   6.0000000e-03   6.7969976e+01
   8.0000000e-03   9.0626635e+01
   1.0000000e-02   1.0903954e+02
   1.2000000e-02   1.2132950e+02
   1.4000000e-02   1.2981760e+02
   1.6000000e-02   1.3542537e+02
   1.8000000e-02   1.3937933e+02
   2.0000000e-02   1.4230784e+02
   2.2000000e-02   1.4450150e+02
   2.4000000e-02   1.4624690e+02
   2.6000000e-02   1.4762476e+02
   2.8000000e-02   1.4881521e+02
   3.0000000e-02   1.4976542e+02
   3.2000000e-02   1.5056277e+02
   3.4000000e-02   1.5129139e+02
   3.6000000e-02   1.5195006e+02
   3.8000000e-02   1.5250945e+02
   4.0000000e-02   1.5298274e+02
   4.2000000e-02   1.5340040e+02
   4.4000000e-02   1.5381087e+02
   4.6000000e-02   1.5421369e+02
   4.8000000e-02   1.5455267e+02
   5.0000000e-02   1.5486440e+02
   5.2000000e-02   1.5513469e+02
   5.4000000e-02   1.5536901e+02
   5.6000000e-02   1.5557726e+02
   5.8000000e-02   1.5577823e+02
   6.0000000e-02   1.5597157e+02
   6.2000000e-02   1.5616362e+02
   6.4000000e-02   1.5634646e+02
   6.6000000e-02   1.5650145e+02
   6.8000000e-02   1.5662633e+02
   7.0000000e-02   1.5674544e+02
   7.2000000e-02   1.5686070e+02
   7.4000000e-02   1.5696921e+02
   7.6000000e-02   1.5705816e+02
   7.8000000e-02   1.5714308e+02
   8.0000000e-02   1.5722683e+02
   8.2000000e-02   1.5729981e+02
   8.4000000e-02   1.5736723e+02
   8.6000000e-02   1.5743154e+02
   8.8000000e-02   1.5749263e+02
   9.0000000e-02   1.5755370e+02
   9.2000000e-02   1.5761195e+02
   9.4000000e-02   1.5767029e+02
   9.6000000e-02   1.5772538e+02
   9.8000000e-02   1.5778033e+02
   1.0000000e-01   1.5783441e+02
