 0.00000000e+00 0.00000000e+00
 2.00000000e-03 2.25169646e+01
 4.00000000e-03 4.50339291e+01
 6.00000000e-03 6.75508937e+01
 8.00000000e-03 9.00678582e+01
 1.00000000e-02 1.08421834e+02
 1.20000000e-02 1.20797234e+02
 1.40000000e-02 1.29284550e+02
 1.60000000e-02 1.35185889e+02
 1.80000000e-02 1.38845484e+02
 2.00000000e-02 1.41627090e+02
 2.20000000e-02 1.43998773e+02
 2.40000000e-02 1.46065881e+02
 2.60000000e-02 1.47346038e+02
 2.80000000e-02 1.48482377e+02
 3.00000000e-02 1.49528841e+02
 3.20000000e-02 1.50089751e+02
 3.40000000e-02 1.50650543e+02
 3.60000000e-02 1.51211380e+02
 3.80000000e-02 1.51772300e+02
 4.00000000e-02 1.52333123e+02
 4.20000000e-02 1.52893877e+02
 4.40000000e-02 1.53374937e+02
 4.60000000e-02 1.53676751e+02
 4.80000000e-02 1.53965188e+02
 5.00000000e-02 1.54238776e+02
 5.20000000e-02 1.54512278e+02
 5.40000000e-02 1.54785911e+02
 5.60000000e-02 1.55059330e+02
 5.80000000e-02 1.55332834e+02
 6.00000000e-02 1.55578472e+02
 6.20000000e-02 1.55807353e+02
 6.40000000e-02 1.56020843e+02
 6.60000000e-02 1.56205487e+02
 6.80000000e-02 1.56390247e+02
 7.00000000e-02 1.56447767e+02
 7.20000000e-02 1.56499742e+02
 7.40000000e-02 1.56551831e+02
 7.60000000e-02 1.56603915e+02
 7.80000000e-02 1.56655926e+02
 8.00000000e-02 1.56705339e+02
 8.20000000e-02 1.56739334e+02
 8.40000000e-02 1.56773376e+02
 8.60000000e-02 1.56807476e+02
 8.80000000e-02 1.56841412e+02
 9.00000000e-02 1.56875465e+02
 9.20000000e-02 1.56909509e+02
 9.40000000e-02 1.56943364e+02
 9.60000000e-02 1.56977415e+02
 9.80000000e-02 1.57011421e+02
 1.00000000e-01 1.57045513e+02
