   0.0000000e+00   0.0000000e+00
   2.0000000e-03   2.2669703e+01
   4.0000000e-03   4.5339405e+01
   6.0000000e-03   6.8009108e+01
   8.0000000e-03   9.0678810e+01
   1.0000000e-02   1.0908031e+02
   1.2000000e-02   1.2138297e+02
   1.4000000e-02   1.2985450e+02
   1.6000000e-02   1.3548061e+02
   1.8000000e-02   1.3943143e+02
   2.0000000e-02   1.4233184e+02
   2.2000000e-02   1.4454369e+02
   2.4000000e-02   1.4628138e+02
   2.6000000e-02   1.4768312e+02
   2.8000000e-02   1.4883790e+02
   3.0000000e-02   1.4980544e+02
   3.2000000e-02   1.5063249e+02
   3.4000000e-02   1.5134993e+02
   3.6000000e-02   1.5197774e+02
   3.8000000e-02   1.5253410e+02
   4.0000000e-02   1.5303213e+02
   4.2000000e-02   1.5348097e+02
   4.4000000e-02   1.5389110e+02
   4.6000000e-02   1.5425827e+02
   4.8000000e-02   1.5458986e+02
   5.0000000e-02   1.5488933e+02
   5.2000000e-02   1.5516565e+02
   5.4000000e-02   1.5541471e+02
   5.6000000e-02   1.5564260e+02
   5.8000000e-02   1.5585204e+02
   6.0000000e-02   1.5604127e+02
   6.2000000e-02   1.5621269e+02
   6.4000000e-02   1.5636951e+02
   6.6000000e-02   1.5652082e+02
   6.8000000e-02   1.5665622e+02
   7.0000000e-02   1.5678195e+02
   7.2000000e-02   1.5689903e+02
   7.4000000e-02   1.5700675e+02
   7.6000000e-02   1.5710745e+02
   7.8000000e-02   1.5719894e+02
   8.0000000e-02   1.5728448e+02
   8.2000000e-02   1.5736498e+02
   8.4000000e-02   1.5744149e+02
   8.6000000e-02   1.5751031e+02
   8.8000000e-02   1.5757306e+02
   9.0000000e-02   1.5763344e+02
   9.2000000e-02   1.5769115e+02
   9.4000000e-02   1.5774662e+02
   9.6000000e-02   1.5779895e+02
   9.8000000e-02   1.5784851e+02
   1.0000000e-01   1.5789429e+02
